86 76 -15433
51 11 -15456
-28 -14 -15560
102 -60 -15466
90 -3 -15408
93 5 -15500
170 -15 -15565
60 80 -15535
9 35 -15468
55 38 -15453
-16 -27 -15306
109 43 -15518
55 38 -15604
83 30 -15498
70 66 -15477
19 33 -15433
39 0 -15446
22 -31 -15448
58 15 -15486
123 -20 -15586
107 5 -15564
151 50 -15573
95 59 -15539
89 2193 -16118
946 2706 -18141
714 -862 -16800
-304 -1779 -16938
-836 -1503 -19888
-593 -608 -17210
-347 963 -18865
-431 1459 -17443
1235 -273 -18766
531 -551 -16137
996 -155 -12468
2134 826 -13158
3223 903 -13807
4106 -888 -14444
5923 -1619 -14008
6263 -1949 -13205
5434 -1468 -13873
6948 -1056 -12475
6768 -1131 -11860
8388 -3467 -12138
8421 -5037 -13437
7340 -5572 -15721
6878 -6681 -15173
6140 -6600 -15609
4235 -7603 -16375
5307 -6776 -14384
4808 -5446 -12176
4291 -5380 -10121
4933 -6127 -9037
4509 -6971 -10269
3488 -6503 -12343
1670 -6976 -12739
231 -6052 -10450
-247 -5306 -8982
-139 -9122 -16157
-4511 -8399 -13920
-3922 -5859 -11731
-2865 -6628 -12729
-5078 -6500 -14420
-5899 -4916 -15522
-5384 -3978 -15614
-4535 -1843 -15453
-4172 -644 -15244
-5145 734 -13845
-5643 3160 -13516
-7973 3404 -13785
-7067 3430 -13929
-6203 4033 -12934
-5951 4526 -13331
-5265 4732 -12929
-5621 4780 -12876
-5065 4661 -14261
-4191 5362 -14310
-3791 6651 -14038
-3341 6605 -14078
-1816 6744 -14620
-1273 7143 -14116
-567 6432 -14131
-163 7528 -15152
-247 7439 -15249
554 7258 -14662
1459 7167 -14288
1527 7565 -14697
1578 6827 -15602
2215 7392 -14337
2215 6863 -14153
2548 6385 -14734
2511 6207 -14229
3051 6109 -14633
4000 5973 -14757
4900 5557 -14813
4132 4877 -14980
4495 4274 -14557
4951 3520 -13820
5379 3431 -13289
5319 3126 -13386
5277 2596 -12933
5580 1886 -13167
6187 2109 -12870
6417 2930 -12340
6396 696 -11205
7160 -529 -11542
7616 -543 -12403
9088 -114 -9337
10947 1403 -13857
11242 667 -14242
11192 460 -12794
10797 323 -12597
11424 430 -11900
11690 567 -10958
12088 262 -10780
12407 -351 -10505
12363 42 -9508
11732 -512 -8751
12285 -522 -8111
12474 -467 -7958
12472 -145 -7948
12376 -224 -7356
11735 -323 -7377
11507 -868 -7912
11692 -995 -7402
11513 -78 -7721
11522 -544 -8492
12759 -555 -8446
12348 -1038 -8845
12860 -753 -9633
13265 -227 -10153
13051 -483 -10262
13612 -156 -10060
13562 40 -9136
13165 -600 -9093
13396 -529 -9100
12829 -98 -9036
12245 -388 -9114
12339 -515 -9609
12295 -644 -9420
11990 -255 -8682
11323 -154 -8631
11344 -580 -9169
10615 -676 -9864
11402 264 -10456
12262 124 -9328
10667 442 -9530
8714 312 -10104
8626 211 -10758
8700 803 -11875
8688 1204 -10947
7347 438 -10764
6570 113 -12218
6986 1386 -13174
7477 1586 -13361
6612 1951 -14300
5618 2090 -13998
6198 1621 -14314
5558 1578 -13717
5291 1880 -14073
3809 1968 -14771
2802 2202 -15998
2951 1679 -16718
3080 1508 -16913
3196 1795 -17034
3272 1183 -16472
2935 406 -16664
2273 -509 -16286
1884 -505 -15867
1634 -535 -15508
1710 -60 -15078
1651 646 -16112
1424 -92 -15649
2167 -414 -15325
2295 -407 -16433
1726 -136 -16933
687 -138 -16478
853 171 -16096
1109 302 -15421
1074 102 -15947
1123 171 -16347
1148 -132 -16618
919 50 -15638
1090 103 -15529
1155 -91 -15540
957 -712 -15475
455 -607 -15326
367 -337 -14958
548 -396 -15102
884 -135 -15742
336 -187 -17238
-465 449 -18213
-378 783 -18805
-147 950 -19233
543 1215 -19225
1179 464 -18312
2383 294 -17823
3047 250 -16428
2936 -223 -15964
3229 227 -15436
3011 760 -14701
2951 1247 -13727
3011 1538 -13576
3546 1516 -13894
4504 1389 -14217
5279 1550 -13970
5690 1772 -14073
6920 1603 -13610
7082 1518 -13376
7811 1538 -12244
8676 1613 -11690
9622 1640 -13181
9686 1504 -14032
9364 736 -13520
9690 1124 -12842
9699 1303 -12089
9815 975 -11597
9663 971 -10225
9528 369 -9931
9541 226 -10234
9513 146 -10810
9640 -14 -10936
9693 -112 -10472
9395 -131 -10297
9455 -190 -10136
9493 -70 -9921
9799 -188 -10224
9646 -175 -10805
9557 -199 -11421
9567 -54 -11788
9316 -132 -11608
8982 -76 -11766
8615 -68 -12030
8395 -15 -12836
8250 187 -12735
8328 149 -11707
8295 -89 -11788
8043 -156 -12399
7562 -435 -13708
7115 67 -13641
5958 -79 -13405
5715 22 -13789
5305 272 -14175
5872 936 -14250
5782 796 -13880
4057 398 -13502
3462 -48 -13602
2923 134 -13880
2770 672 -14335
2635 789 -15049
2200 214 -15217
2273 310 -14957
2119 339 -14846
1602 431 -15576
2207 308 -15834
3032 312 -17137
2798 -95 -16589
3343 138 -16181
2859 -222 -15524
1872 -39 -15500
2032 91 -15641
2000 -551 -15732
1946 -859 -15828
1800 -807 -15694
1956 -791 -15158
2088 -710 -15481
1804 -684 -15568
1755 1979 -19331
-1672 -34 -15829
2541 -820 -14752
1981 748 -16371
1683 2086 -17373
2300 728 -14746
976 476 -15518
2059 415 -15032
1566 656 -5430
1693 -7020 -26723
6995 -2217 -17176
347 271 -15659
2060 333 -14713
1560 -190 -14709
1119 -681 -17677
1443 -251 -14457
1043 1207 -13328
1152 1943 -14189
1423 -841 -9735
6 -1572 -1882
1482 12289 -32760
-5773 6955 -16077
2333 26 -13289
-7 -384 -15778
-3 519 -16480
-148 -223 -15176
51 186 -15413
82 80 -15256
-16 15 -15537
58 -120 -15057
55 -58 -15684
49 162 -15648
-25 25 -15641
-10 33 -15115
86 6 -15509
17 152 -15608
65 51 -15544
59 37 -15371
62 -5 -15628
40 22 -15582
83 87 -15438
-35 49 -15658
47 99 -15448
56 19 -15516
110 126 -15520
104 67 -15684
25 74 -15482
95 13 -15533
50 51 -15412
43 63 -15614
-36 65 -15529
54 69 -15476
11 91 -15526
72 106 -15556
6 46 -15488
47 72 -15509
140 15 -15604
58 47 -15446
139 13 -15510
13 55 -15498
23 33 -15486
149 98 -15544
69 85 -15661
113 103 -15476
149 14 -15529
59 78 -15580
38 58 -15653
70 163 -15425
93 56 -15504
113 60 -15574
17 114 -15572
58 37 -15517
91 143 -15634
62 26 -15657
-42 46 -15540
-9 74 -15557
33 35 -15397
70 18 -15555
56 91 -15578
40 71 -15440
82 98 -15513
9 -7 -15469
47 59 -15407
66 27 -15546
87 49 -15540
18 91 -15586
-3 -30 -15520
-52 71 -15418
26 59 -15462
-10 26 -15461
37 29 -15440
23 47 -15550
-11 31 -15634
78 130 -15546
67 126 -15438
27 54 -15476
-16 90 -15517
65 62 -15537
87 31 -15456
37 38 -15486
34 143 -15555
-46 67 -15397
62 89 -15465
18 98 -15578
43 75 -15204
98 56 -15468
163 71 -15433
59 1 -15510
129 65 -15614
22 111 -15485
74 102 -15466
39 56 -15561
0 70 -15590
38 70 -15540
103 79 -15549
21 -15 -15514
102 60 -15486
26 58 -15428
-22 114 -15530
-44 23 -15574
37 82 -15486
13 34 -15457
66 72 -15502
45 29 -15549
39 152 -15564
113 93 -15185
6 60 -15500
1 39 -15472
6 59 -15545
-7 39 -15556
72 0 -15540
38 114 -15530
58 101 -15249
10 74 -15512
11 104 -15611
120 89 -15492
101 89 -15506
38 38 -15465
60 60 -15285
30 39 -15485
55 43 -15460
63 14 -15452
-15 49 -15485
47 39 -15489
59 97 -15506
95 15 -15459
93 69 -15659
51 40 -15480
-26 39 -15629
74 40 -15577
47 127 -15492
23 65 -15548
63 30 -15471
35 51 -15522
98 59 -15363
54 119 -15544
89 58 -15566
113 34 -15468
95 22 -15545
23 15 -15529
51 101 -15555
22 -10 -15409
99 -15 -15498
175 37 -15572
47 56 -15544
71 51 -15512
87 101 -15573
45 27 -15486
102 5 -15404
106 -14 -15471
99 56 -15494
83 19 -15576
45 35 -15531
74 70 -15440
89 10 -15478
76 72 -15452
119 55 -15477
-7 75 -15480
75 138 -15588
-39 51 -15542
47 65 -15209
78 89 -15521
75 76 -15498
31 67 -15572
80 53 -15540
62 1 -15493
69 39 -15536
33 65 -15498
72 19 -15492
47 113 -15570
-43 82 -15585
39 30 -15509
118 -23 -15504
31 23 -15502
122 97 -15412
7 -9 -15452
23 93 -15464
23 135 -15485
118 19 -15480
54 113 -15558
-19 58 -15493
22 7 -15548
119 91 -15517
97 21 -15552
51 67 -15497
95 106 -15545
33 58 -15530
1 90 -15530
45 119 -15506
89 34 -15497
30 59 -15477
2 37 -15475
49 53 -15633
171 27 -15491
46 69 -15429
27 79 -15489
82 90 -15605
39 40 -15486
27 87 -15421
79 71 -15535
60 51 -15581
63 27 -15500
70 55 -15496
95 13 -15614
-3 126 -15478
87 34 -15478
-51 65 -15488
15 59 -15540
154 30 -15510
67 49 -15592
15 82 -15526
45 45 -15520
55 33 -15453
114 129 -15449
